Swinger1_negative:  293.243987951075 -0.885764184067694 9.23751200631248 -10.9925955134135 5.55875294906502 1.56496576978661
Swinger1_positive:  293.280082874274 -0.870370052725318 9.16636067499575 -10.8702541604829 5.52234542737697 -1.56461887437624

Swinger2_negative:  345.82938020115 -5.52508606852563 16.7681963364176 -11.8464783737971 3.22516918923655 2.25757358124251
Swinger2_positive:  345.783400569926 -5.27524289334078 16.4570106765887 -11.6867208978088 3.19843498262726 -2.25026190241014


Q1_Positive:  682.515469095033 -92.5673988224452 669.349685733724 -1777.93209217454 1655.54877762889 -0.807739010513241
Q9_Positive:  681.051038318707 -87.6678087862201 633.053609903337 -1715.78290916974 1653.53389731271 -0.468729710375181
Q9_negative:  680.973579500302 -66.5971608694527 508.238005862729 -1465.67921816701 1485.86139617766 1.4200189407691
Q10_Positive:  687.957082234926 -59.7137540870539 572.131568062862 -1741.21267683341 1800.21019376477 -0.563885238474778
Q11_Positive:  686.949106650003 -183.837242043191 939.876439497484 -2049.21777981633 1726.90404706172 -1.88761183665458
Q12_Positive:  679.597761069787 -71.5649472201765 546.597202177255 -1540.24936915149 1517.07084400113 -0.941868407631565
Q13_Positive:  682.1639188001 -114.041057192631 693.30172685282 -1763.07790515988 1640.34098630281 -1.41010433675784
Q14_Positive:  677.758764908477 -73.5353344866434 552.804986923644 -1548.00177449842 1516.63755501189 -0.812240363176174
Q15_Positive:  682.442050594787 -79.9993973919201 588.324920497152 -1620.12494306133 1567.2040228105 -1.17019773949309

//??
SQ_Positive:  670.988597371888 55.1078992296872 -99.9052688193983 -228.764748803549 626.932860862003 0.141097231439667



Q2_Positive:  814.344095812137 52.2798058147526 29.3566261365604 -731.853859448752 1301.92906365748 0.240072313698433
Q3_Positive:  824.123901507273 -67.5440095508926 573.105284742893 -1827.8329507943 2106.89186024449 -0.820064935024439
Q3_negative:  824.527609979416 -71.1133938409815 586.097455226789 -1815.44067703878 2061.32018041052 1.49175636454471
Q4_Positive:  821.819798179773 -63.7858873392012 585.887685819381 -1884.67542591312 2167.85397784928 -0.320052360843248
Q4_negative:  825.891161184002 -99.7787191959821 755.183948800962 -2236.8484775619 2433.1635296113 1.47115781559595
Q5_Positive:  827.863031208843 -116.619191713178 855.891142827326 -2468.86374831716 2617.14288077321 -0.706288779900027
Q5_negative:  823.262855890382 -26.2342173299273 329.422282203002 -1274.45738625814 1688.98724301633 1.13876663320846
Q6_Positive:  821.772749460614 -55.9627169936617 502.273734201013 -1657.83333209927 1980.84274807151 -1.51025332584767
Q6_negative:  822.507249819249 -79.0818287128672 657.156376445441 -2070.9445566547 2349.0562215317 0.851474013518583
Q7_Positive:  821.585497843052 -65.5562721541699 536.919481788766 -1671.46951253395 1897.41807554857 -0.775880683677758
Q8_Positive:  823.179153655439 -65.5851121241721 557.312623922045 -1684.87630662312 1898.7271699813 -1.00905287282448
Q8_negative:  823.88405213931 -74.9244603770033 619.703189140455 -1838.86987257293 2027.28087643556 1.67661246377601

//??
LQ_Positive:  821.540545812534 -39.1881184815639 402.632871725963 -1375.66194902716 1696.7616624084 -0.847942542990928



H1_positive:  625.542234304042 -305.911871034008 780.734488570941 62712.1340252265 -415203.980429795 -0.322527182926211
H1_negative:  617.789505597303 -294.107602482565 12479.570853407 -183180.347523486 915361.778295152 0.279966510589692
H2_positive:  680.733501188495 -100.58830301144 5654.14748385264 -97593.7676421447 671256.260274274 -0.444392772023804

//Danfysik 8700
D1_Positive:  347.481890522965 -2.50447495034996 6.13439385246898 -4.35153356584613 1.35471233992972 -0.972988213926982
D2_Positive:  348.36760826674 -4.32098429012131 8.70602719838359 -5.73412846768847 1.566215593358 -1.21284325259681

